         104
         250
         193
          63
         116
         152
          71
         133
         162
          49
         248
         217
         174
         232
          69
         100
          77
         232
          41
           3
           4
          21
          13
         175
         140
         187
         179
         196
         113
         239
         161
          22
         157
         203
           5
         104
          77
         183
          15
         186
         160
          75
         180
          40
           7
           8
         162
         251
         212
          40
         184
         214
          27
         166
         162
         119
         158
         253
         128
         242
         174
          47
         133
         236
          45
         108
         198
         115
         108
          75
         171
         177
           2
          77
         232
          85
          95
          73
         167
         225
         192
         112
           7
          89
         209
          64
          51
         181
         195
         159
         186
         216
         250
         164
         129
          24
          52
         184
         162
         228
          28
         165
          42
          29
         125
          19
         194
          39
         123
          49
         102
          70
         217
          23
         212
         237
         240
          47
         171
         129
         146
         214
         101
         147
          39
         175
         124
         254
         232
          93
         128
          77
          47
          15
         158
         163
          48
         174
         182
         151
         218
          98
         173
         139
          36
         221
         149
         224
          39
          30
